171 101 138 23 306 235 561 255 145 487 544 155 311 621 265 161
216 245 438 621 495 497 629 248
101 440 482
247 18 591
101
101 118 140 300 487 498 246
101 29 177 394 656 230 607 346 245 416 611 342 486
138 23 508 306 235 561 255 145 487 544 480 629
58 149
401 540
58 661 316 495 337 604 621 455 372 572 629 570 663 345 487 576 18
124 23 536 563 306 255 190 145 487 140 134 146
97 24 486
97 24 314
97 149 296 621 0 137 369
97 492 471
97 518 269
97 24 416
97
97 401 607 666 20
97 118 509 416 0 378 14 378 487 552
97 24 413 245 26 416 245 29 604 618 541 356 501
97 233 604 457 405 651 607 279 405 651 438 570 389
123 433 23 416 394 561 255 140 544 480 134 190 489 549
97 279 579 245 251 484 604 394
97 657 662 653 357 477 438 607 508 251 394 330 304
97 43
97 186 245 501 369 414 268 522 629 409 394 607 506 394 659 607
97 607 492 250 427
97 0 372 494 501 667 181 137 621 628 342 617
124 123 433 23 416 394 561 255 140 544 480 134 190 489 549
97 251 570 465 601 320 636
97 539 304
97 602 673
124 123 433 23 416 394 561 255 140 544 480 134 190 489 549
104 150 294 621 599 256 252 230 445 471 471
104 401 607 446 604 607 286 230
686 136 306 394 561 255 190 490 487 544 446 134 146 0 18 414
136 306 394 561 255 190 490 487 544 446 134 146 676 439 640
104 478 245 230 256 494 607
686 136 306 394 561 255 190 490 487 544 446 134 146 676 439 640
686 136 306 394 561 255 190 490 487 544 446 134 146 676 439 640
686 136 306 394 561 255 190 490 487 544 446 134 146 439 640 386
104
136 306 394 561 255 190 490 487 544 446 134 146 676 439 640
104 217 401 608 632
104 479
686 136 306 394 561 255 190 490 487 544 446 134 146 676 439 640 175
686 136 306 394 561 255 190 490 487 544 446 134 146 676 439 640 687
245 570 686 24 306 394 561 255 190 490 487 544 446 134 146
104 233 25 306 146
104 406 245 629 415 397 180 533 407
104 675 401 302 245 245 487 607 153
104 153 470 265 302 245 534 401 506 487 675
104 137 14 639 341 161 663 153 330 229 342 622 487 175 629
136 306 394 561 255 190 490 487 544 446 134 146 676 439 640
58
134 146 429 24 306 23 669 635 363 342
58 653 607 498 607
77 114 58 607
607 487 651 604 77 114 58
58 401 347 409 629 607 487 607
98 114 58 230 401 244 400 2
77 114 58 394 400 629 352 673
229 251 230 77 98 58 0 354 348
114 98 58 230 401 244 400 2
150 337 389 270 394 654 251 114 77 98 58
114 98 58 230 401 244 400 2
114 77 98 58 400 629 354 386
151 394 538 337 343 629 447 244 77 98 58
77 98 58 151 630 629
77 114 98 58 156 607 473 487 230
400 629 607 348 639 245 580 269 77 98 114 58
134 146 429 24 306 23 669 635 363 342
678 7 18 0 24 306 396 26 513 394 190 562 195 68 4
678 7 18 0 24 306 396 26 513 394 190 562 195 68 4
38 150 294 621 599 256 252 230 445 471 471
186 471 199 38 0 7 18 24 306 396 26 513 394 190 562
38 386 315 673 423 604 607 259 655
38 68 1
678 7 18 0 24 306 396 26 513 394 190 562 195 68 4
17 675 510
7 18 0 24 306 396 26 513 394 190 562 195 68 4
199 53 123 433 24 306 394 561 255 145 487 7 394 10 15
53 188 628 150 651 394 347 629 607
123 433 24 306 394 561 255 145 487 7 394 10 15
53 217 401 607 487 209
53 0 137 401 230 644 266 297
123 433 24 306 394 561 255 145 487 7 394 10 15
24 295 307 629 550 487 258
147 87 621 401 607 510 487 501 412 93 512 377 255
34 87 93 290 494 482 33
310
34 87 93 0 621 401 282 280
33 199 147 87 621 401 607 510 487 501 412 93 512 377 255
34 431
147 87 621 401 607 510 487 501 412 93 512 377 255 441 278 20 328
34 87 93 672 230 310 290 431 305 281 436
87 195 565 259 251 255 433 14 663 175 487
82 251 604 623 422 386 629 607 489
87 251 494 342
87 401 347 409 629 607 487 607
87 441 636 650 629 354 505 629 351 501 488
484 329 494 604
24 295 307 629 550 487 256 18 428 347 193
134 146 561 429 25 306 245 363 579 255 426
115 58 617 409 230
505 599 256 134 146 561 579 255 426
115 357
115 58 675 445 176 570 618 283 442 629 621 394 607
115 58
134 146 561 429 25 306 245 363 579 255 426
134 146 561 429 25 306 245 363 579 255 426
96 213 342 607 487 660 608 520 216 251 318 656 608 533 609 629
96 653 663 137 279 394 607 629 291 137 475 629 315 571 245
685 123 433 25 416 394 256 494 544 446 7 394 191 491 549
96 552 651 245 564 372 268 657 570 450 366 240 621 460
96 432 600 663 280 0 651 629 354
96
96 405 651 628 19 481 342 248 534 155 231 165 19 163 247 0 155 232 158 345 487
96 398 500 508 335 285 265 282 345 487 577 401 495 629 150 484 609
96 160 280 460 604 333 342 407 607 165 28 621 401 158
96 245 444 487
96 392 285 585 448 350 487 335 613 291 245 315
105 96 165 319 415 249 392 188 617 333 342 388 163 230
96 409 14 571 504 629 512
96 464 485
96 156 137 239 164 491 396 372 629 265 372 513
105 96 273 543 14 180 160 556 487 319 423 656 343 576 459
96 607 528 651 617 399 607 343 661 653 474 609
117 96 408 526 343 577 14 466 526 160 598 401 280 409
105 96 402 401 484 230 533 409 230 275
110 96 632 279 657 673 230 533 330 304 18 495 564 552
110 96 245 518 342 487 617 513 245 413
96 239 188 495 663 253 615 655
52 96 636 354 629 342 247 0 221 283 232 248 533 406 282 345 487 577 126 163
110 96 214 401 481 332 18 405 401 242 18 653 423 394 386 405
52 105 96 618 251
96 438 245 217 401 656 341 394 407 618 251 234
117 96 151 398 675 183 354 348
52 96 656 345 657 673 232 230 534 215 365 251 345 342 159 0 226 481 521
105 96 247 371 401 601 165 319 415 636 370 401 300
105 96 279 607 319 239 482 0 484 0 279 380 653 351 405
67 52 96 177 337 618 526 269 484 329 608 534 215 629 180
52 96 656 464 371 636 649 235 472 350 487 607 520 215 365 660 181 259
96 584 245 648 265 607 0 0 585 438 636 285 221 265 280
105 177 251 269 342 608 156 498 52 96 7
105 150 372 629 545 607 231 607 487 675 533 401 52 96 7
49 52 96 636 165 251 357 280 246 224 251 595 487 247 245 247 402
52 96 636 526 484 352 471 470 265 0 129 474 629 265 245 484
49 52 96 442 673 653 251 595 155 636 232 248 533 19 662 265 593 604
105 96 343 577 216 350 487 188 415 517 342 230 118 118 180 332
105 67 96 618 526 420 607 473 487 608 481 495 401 318
105 67 96 409 484 629 244 160 599 656 373 177 526 14 664 639
105 96 345 331 261
52 96 605 607 177 251 394 608 497 245 495 632 534 216 664 232 487 498
105 438 629 553 673 621 652 629 494 52 96
105 49 96 247 394 517 420 129 165 319 249 342
117 96 604 526 617 139 611
52 67 96 573 484 394 473 487 0 156 607 473 487 629 165 401 487 166 636 365 526
105 49 96 499 533 604 406 360 629 415 331 342 584 530 315
49 52 96 673 19 224 526 484 595 487 245 481 247 487 402
105 49 96 603 342 269 231 607 160 333 342 466
52 105 319 620 401 656 621 401 392 629 621 629
49 105 96 481 406 629 331 475 629 265
105 52 96 661 251 653 484 595 487
52 49 96 267 402 401 632 534 216 319 592 347 341 438 134
105 96 487 210 342 607 332 342 160
105 52 441 607 632 487 158 502
105 49 96 345 487 576 158 414 317 270 394 345 498 166 308
52 49 96 401 394 0 0 617 341 538 629 447 350 487 158
105 49 96 654 392 14 370 401 641 632 613 636 607 371 14 636
52 49 96 658 401 158 638 345 487 577 0 457 248 180 204 617 365 538 629 415
105 52 441 151 230 135 597 457 629 482 394 607
105 49 96 405 401 230 394 122 163 394 159 26
52 96 530 401 230 487 487
105 52 279 405 604 673 237 604 607 629 607 7 543 651
52 49 96 371 245 394 19 224 252 177 319 19 225 345 392 232 159
105 52 315 673 439 394 244 122 401 675 473 498 572
52 49 96 291 494 372 252 252 225 401 604 484 245
105 49 96 354 262 332 342 388
49 52 165 242 155 618 289 487 126 149 450 314 638 673 394
117 96 481 405 651 160 604 345 487 576 401 629 279 420 401 414
105 52 150 372 230 604 150 662 674 155 673 405 326 230 662 245 359 673
105 49 96 372 604 521 319 351 26 466 14 545
105 52 177 242 487 225 673 439 394
52 49 96 656 0 155 673 283 232 230 533 245 481 629 521 248 534 204 177 251
105 49 416 280 221 526 280
52 96 636 526 272 0 150 279 150 243 484 570 601 471 661 239 623 176
105 49 416 280 221 526 280 100
52 49 319 447 639 211 401 607 652 487 0 214 401 405 460 19 229 285 245
105 52 96 150 320 270 394 248 487 609 245 484 609
100 52 105 0 245 239 623 165 394 245 394
105 52 150 337 604 607 487 621 369 629 375
49 100 52 481 394 245 156 245 161 251 542 481
49 52 414 607 245 229 553 232 508 484 533 248 658 394 607 667 121
100 52 105 0 621 455 291 252 230 629 673 279 653 245 501 607
105 67 52 96 389 337 529 573 342 609
105 100 52 484 588 656 641 409 189 252 388
52 105 0 213 487 100
105 49 100 14 261
100 49 319 437 642 501 630 420
100 105 49 96 213 496 604 655 180 180 487 405 401
100 49 105 639 394 196 572 221 423 485
100 49 105 14 312 165 503 611 211 401 656 230 528 183 354 262
52 100 49 570 245 394 484 0 126 221 165 242 607 472
100 52 49 606 370 484 251 150 620 409 607 245 336 538 660 649 629 415 249 660
113 100 52 675 255 634
113 100 52 394 248 401 180 454 659 534 224 283 237 494 604
105 96 570 401 343
113 100 52 315 150 270 239 177 251 150 372 450 177 376 394 161
113 279 653 470 501 673 503 135 265 234 487 619 484 502 629 351 673
96 636 394 245
52 105 96 241 394 607 487 607 405 651 230 342 629 639 252 469 245 508
52 105 96 636 405 347 457 481 468 275 662 415 397 508 329 392 636 232
113 105 96 321 414 263 347 526 414 409 617 275 604 526 289
113 96 653 358 239 607 14 636 14 641 256 609 636
49 113 100 631 237 615 251 450 484 438 621
113 100 49 605 394 161 526 181 570 342 496 604 633 629 466 183
113 105 96 354 262 163 656 315
113 105 96 444 14 444 275 614 641 565 386
96 0 223 460 629 623 609 354 245 348 636 584
117 0 151 579 398 675 335 245 616 485 673 283 315 231 407 183 354 348
123 433 25 416 394 256 494 544 446 7 394 191 491 549
50 63 32 32 7
7 31 287 132 14 251
198 543 7 31 287 132 14 251
50 63 492
50 211 401 570 63
85 50 63
50 166 63
50 63 150 370 622 150 370 604 413 245 508 251 416 394
50 63 492 471 245 7
50 63 150 319 423 660 618 251 279 251 217 401 198
50 63
85 63 150 521 471 280 487 630 450
50 69 182 621 300 279 661 242 663 502 615 629 447 350 487
50 63 457
50 63 118
50 85 63 481 414 607 150 319 248 658 636 553 498 420
50 63 3 431 651 471
78 69 471 212 656 134 146 244 18 245
50 63 311 422 629
50 69 0 225 150 458 401 604 618 423 177 592 481 657 406 629 608 498 520 226 315 408
50 63 252 280 607 618 416 27 287 18 484 414 508
78 69 629 315 405 342 248 533 230 487 508 660 284 265
50 63
78 69 156 499 543 403 543 245 343 576 403 343 576 392 571 508 251
50 78 632 279 616 230 273 269 245
50 69 0 163 484 230 454 487 406 398 245 245
69 78 204 239 139 487 576
78 69 142 543 428 260 244 18 245
50 69 0 139 487 576 476 458 629 353 607 607 538 629 500 498 500 393 414 618
78 69 204 675 629 471 401
50 78 345 487 576 401 279 571 526 607 494 605
50 69 0 604 603 250
85 50 63 196 199 18 230
85 50 63 342
78 50 69 661 315 408 267 605 386 280 321
50 69 210 342 607 157 675
78 50 69 484 414 675 481 481 498 335
50 69 186 252 636 455 372 571 517 663
78 50 69 150 608 538 629 663 457 245 662 604 329 392 150 663 609
7 31 287 132 14 251
25 486 295 306 394 7 256 394 191 39 401 158 252
90 607 651 416 322 607 256
25 486 295 306 394 7 256 394 191 39 401
90 39 122 662 414 504 245 315 140 351 502 673
90 39 394 615 251 28 487 464 346 245
90 39 604
90 39
90 39 217 401 484 231 215 649 629 576 14
90 39 32
90 39 223 629 607 629 351
90 223 629 607 629 351
90 39 226 177 416 33 226 177 251 484 234 487 226 487 469 401 245 545
222 25 486 295 306 394 7 256 394 191 39 401
76 438 230 347
76 588 618 311
76 618 414 438 623 660
76 217 401 230 140 663 394 245
372 607 322 183 605 342 673
76 607 144 422 604 373 662 394 342 621 33
76
76 621 401 639
76 0 0 0 0 0 207 1 0 0 0 0 0 0 154 14 206 153 1
76
76 245 369 481 394 158
76 643 252 332 629 315 223 565 386 465 646 401 399
76 265 230 644 604 604 405 617 342 342 659 497 245 405
315 673 270 618 251 469
76 570
76 409 230 236 545 481
76
76 394 663 481 556 487 609
76 189 329 386 231 607 666 414 402 239 163 485 279 230 629 607 667
372 607 322 256 18 537
91 159 212 607 497 583 245 673 159 7
91 211 401 656 673 351 657 673 315 484 657 673 158 401 329 657 636 251 414
91 150 311 484 620 607 140 422 656 230 651 498 386 629 643 214 651 494 663 607 255
150 414 337 566 123 433 25 306 394 190 562 7
91 565 487 394 211 508 663 481 556 487 502
91 518 502 629 357 508 487 137 255 621 0 371 14 372 481 494 501
199 123 433 25 306 394 607 190 562 7
91 137 252 653 607 297 659 7
684 123 433 25 306 394 607 190 562 583 245 7
91 401 519 356
91 122 604 177 251 267 487 394 33 409
91 213 564 265 252 357 252 504 622
175 18 684 123 433 25 306 394 607 190 7
91
91 150 294 621 256 607 251 245 21
684 123 433 25 306 394 607 190 562 7
91 198 571 251 607 306 366 485 629 315 663 607 14 487 607
91
123 433 25 306 394 607 190 562 583 245 7
222 8 323 651 416 394 256 18 172 430
84 636 438 376 511
84 373 394
8 323 651 416 394 430
84 213
222 8 323 651 416 394 256 18 172 430
84 140 401 318 629 521 464 662 340 621
84 438
222 8 323 651 416 394 256 18 172 430
84
222 8 323 651 416 394 256 18 172 430
553 607 140 0 112
112 618 470 571 464 287 245
112 609 244 618 639 230
112
112 394 405 432 342 608
438 330 134 146 369 268 132 18 651 494
28 7 133 130 219 141 228
56 280 621
28 7 287 418 133 130 219 141
56 539 570 539
56 181 414 394
56 651 230 394 471 355 629 570 465 512
56 150 621 583 245 225 230 539
122 7 287 418 133 130 219 228
56 644 345 655 416 280 462 604 251 629 390 663 390 245 319
28 7 287 418 133 130 219 141 228
0
56 523

56 394 230 666 658 673 351 416 267 487 675 390 1 150 618 394 507
56
56
56 621 401 32 518 342 10
56 224 662 476 674
56 118
110 56 280 607 468 607
56 196 199 18 230 342 487 239 18
28 7 287 418 133 130 219 141 228
635 7 259 14 560 230 669 449
70 245 630
70 607 449 372 268 230 669 513 252 478 298
211 516 449 651 230 197 32 70
197 321 394 416 280 600 660 401 235 70
26 462 14 560 230 669 449 7
70 0 150 380 216 251 593 238
70 570 539
70
70 281 290 525
213 542 652 407 401 607 257 70
70 213 487 629 585 230 401
347 635 7 259 14 560 230 669 449
76 470 245 245 629 351 623 502 487 608 217 401 230
76
76 0
76 538 495 401 607
76 456 618 564 580 600 394 405 263 239 607 394
76 0
76 484 484 617 251 607 542 394 607 466 487 27 487 657 263 347 607
76 523 230 523
76 158 316 484 585 498 646 394 250 498 230
76 121 394 607 473 487
76 0 166 415 611
76 621 401
76 311 495 487 609 378 288 623
76 414 471 26 279 401 529 484 607 271 342 414 245 239 265 272 488
76 143 226 181 494
76 264
76 487 469 14 313 304 320 17 661 607 666 401 570 663 25 346 308
76 25 346 308 401 484 329 498 231 629 659 251 416 280 14 494
27 363 394 256 494 7 18 140 10
76 486 604 401 272
76
76 0 0
76
76 150 380 607 140 351 239 494 608 245 522 607 658 618 564
76
76 570 494 613
76 402 401 230 150 284 22 357 405 369 629 163 230 485
76 54 255 0 498 489
76 27 7 259 663 14 536 579 255 426
131 150 351 347 673 663 342 230 494 179 529
76 213 358 615 665 302 502 441
150 319 372 661 319 673 633 376
209 673 342 607 150 372
76 291 484 252 252 255 426 663
76 137 401 230 274 342 268 230 487
607 663 617 251 401 230
190 27 7 259 663 14 536 579 255 426
83 150 294 621 599 256 252 230 158
83 241 394 9
265 607 642 618 251 394
83 3 618 312 351 3
227 545 607 134 146 363 391 612 252 461 487
227 146 363 391 612 252 461 487 155 599 245
83
83 612 33 229 230 570 386 291 618 312 351 563 630 33
83 17 661 311 618 447 230 494 501 520
83 607 252 231 280 107
629 171 227 545 134 146 363 252
83
199 227 545 607 134 146 363 391 612 252 461 487
83
455 372 279 476 662 484 662 373 498 394 663
227 545 607 134 146 363 391 612 252 461 487
171 487 9
31 393 554 629 291 502 487 394 191 487
162 401 279 405 401 484 280 125 409 280 64
393 554 629 291 502 487 394 191 487 9
109
125 405 592 494 9
592 494 9
125 548 9 394 230 266 652 16 111 245 570
125 548 9 394 230 266 652 16 111
199 125 548 9 394 230 266 652 16 111
125 548 9 394 230 266 652 16 111
125 548 9 394 230 266 652 16 111
677 462 396 635 276 391 394 137 480 258 574
36 481 7 0
36 629 375 7
462 396 635 276 391 394 137 480 258 574 9 7
66 59 564 555 604 629 660 252 392 239 177 394 137 655 600
66 59 651 244 487
66 59
66 74 59 0 151 484 607 604 616 357 213 160 533 401 349 0
116 66 59
74 66 59 0 484 414 151 236 239 534
116 66 59 151 484 230 509 279 636 22 121 401
74 66 59 150 158 484 607 216 474 245 607 487 565 481
116 66 59 353 673
74 66 59 0 177 372 268 629 245 618 629 315 251 607 22
116 66 59
74 66 59 0 245 392 618 318 607 619
74 59 602 673 342 448 405 342 457 629 673 245 674
116 74 59 268 230 629 150 621
59 9
199 230 140 338 487 7 256
72
72
72 162 367 22 484 644 274 663
72
72 241 244 394 230
72 252 121 607 286 251 287 252 607
220 563 394 191 396 252 342 7 591
45 64 0 621 1
45 64 213 401 601 607
45 64
189 401 199 559 286 231 7 256 233 280 64 484 6
45 64 251 484
45 149 315 673 150 625 607 651 629 265 64
559 286 231 607 7 256 401 233 280 64 245 484 6
7 401 280 64 484 6 460 280
45 64 653 470 354
64 645 58 645 7
45 64 662 476 580 607
406 45 64
45 64 342 604
621 286 459 604 371 629 662 45 64
45 64
171 559 286 231 607 7 256 0 280 64
45 64
45 64
410 596
21

217 559 286 231 607 7 256 401 233 280 64 245 484 6
140 168 245 168 650 394 190 598 258 607 334 487 299
140 168 245 168 650 394 190 598 258 377
35 0 180 629 617
35 251 414 366 244 668 434 378 255 607 300 550
35 279 435 255 607 300 373 651 668 372 435 405 255 347 607 644
442 378 334 618 251 245 618 401
35 607 533 487 507 255 405
35 553 656 657 673 522 321
35 615 401 9
35 618 351 608 647 394 605 658 618 251
35 601
140 168 245 168 650 394 190 598 258
0 0 481 596 672 596 440 629
81 301
81 162 14 372 9
81 135 620 618 655 634 629 607 651 615
81 611 288 611 609 555 607 502 662 265 618 319 248
81 610 609 629 613 434 609 502 394 607 639 342 607 629 609
81 139 487 576 0
81 251 414 533 629 354 397 508 267 618 251
81 661 372 617 484 268 593 502 33
213 7 256 591 372 536 230
81 414 474 629 607 538 245 488
81 226 401 607 657 469 633 629 487 158 401 230 533 484 230
81 629 563 629 415 607 468
81 150 380 618 288 617 299 238 570 618 283 334
213 7 256 591 372 536 230
109 456 618 649 629 351
109 150 620 618 649 608 304 394 245 230 659 607 666 662
109
109 156 495 506 487 457 618 353 607 140 513 230
280
109 213 635 435 607 487 244 519 397 493 629 633 629 522 607 197 488 608
109 118 487 471 230 487
109 157 604
109
109 173 618 655 618 668 166
109 99 498
109 618 301 447
109 99 358 409 629 386 465 675 394
109 317 458 242
109 173 607 363 655 272 601 607
109 241 565 609 571 484 570 360 394 607 487
109 150 589 618 655 620
109 319 630 450 524 673 487 269 230 412
109 386 231 607 583 604 487 607 589 377 394 261 322 607 256
109 99 673 284 265
129 661 244 661 484 109 99
109 99 405 401 484 604 607 600 655 494 120 655
389 296 279 151 109 99
109 99 406 629 597
109 213 662 519 578 663 498 245 494
109 99 215 462 655
109 99 607 655 342
109 99 659 403 627 230 304 255 607 561
150 243 579 252 629 661 617 435 608 394 607 7
213 427 509 416 394 134 146 260 651 176 513
58 378 334 394 378 401 245 631 18 378 251
58 607 427 509 230 388
95 58 150 631 237 663
405 630 230
95 58 237 118
95 58 631 237 663 673
58
150 625 268 244 484 604 510 494 675 150 643 675 345 464 58
58 166 342 607 487 357 659 495 401 408
58
106 158 476
106 158 476
106 158 476 14 629 265 244 158
401 212 656 106 180 495 401 487 534 401
58 386 316 621 511 487 230 466
58 466 342 225 231 608
58 158 401 585 230 357 533 279 405 369 268 593 504 280 301 660 643 629
106 342 239
150 319 474 629 553 604 510 629 423 656 229 296 621 58
58
58 150 394 657 653 231 158 615 651 244 494 507
150 95 58
213 427 509 416 394 134 146 260 651 176 513
47 36 71 380 618 351
47 36 71
47 36 71 149 584
484 0 26 367
47 36 415 623
47 36 71 206 207 206 178 152
47 36 71 156 342 607 126
47 36 71 0 0 162 401 230 454 487 657 405 662
190 548 483 629 658 256 591 18 71
198
198
513 487 174 197 394 487 621 257 645
199 44 31 487 137 394 342 7
44 0 118 1
44
44 244 663 230 405 284 447 230 231 401 242 230 510
44 311 561 484 367 394 505
44
44
44
44 436
44 9 224 251 494 386 607 666 372 437 599 494 501 226 618 655 502 487 213
44 9
44
44
44 607 176 660 314 607 134 660 378 335
230 636 251
405 401 654 279 508 438 673 585
44
44
44
487 137 394 342 7 363 18 428 640
438 600 498 607 220 259 629 487 495 487 635
592 609 238 570 618 283
200 487 561 255 0 324 494 483 487 190 18 140 460 548 638 652
88 540 471 276 394
88 183 406 630 213 369 240 268
369 528 617 1 545 540 517 1
88 358 394 498 0 150 319
88 464 629 464 601 26
88 0 405 240 603
88 150 414 230 394 121 335 394
190 256 527 524 231 184 515 387
638 652 394 190 252 503 200 487 385 347 193
171 124 384 593 394 342 7 259
72
72 230 629 501 0 7
72
72 401 621 675 393 245 392 283 653 643 494 653 662 353 230 510 210
72 548 607 279 613 405 401 230 604 618 655 607
190 256 527 524 231 184 515 387
190 256 527 524 231 184 515 387
72 618 313 394 623 618 661 618 464 516 190 481
72 215 526 570 618 256 230 486 397 508
190 256 527 524 231 184 515 387
72 618 655 654 280 607 661 312 618 315 613
124 384 593 394 342 7 513 545
65 401 394 7
65 263 607
65 121 607 591 251 282 212
65 19 346 478 251 255 433 26 517 655 416 245 517 394 230 663 607
197 245 251 629 550 629 134 146 591
76 439 494 18 303 404 404 327 463 1
76 0 21
76 394 463 21 303
76 313 29
76 404 0 0 26 327
76 327 243 305 33
76 303 570 0 33
76 313 26 327
76 303 313
76 156 21 1
76 463
76 463 463 463
76 404 18 570 313
76 280
197 7 561 18
53 75 160 190 259 252 0 645 79
53 75 79 137 662 265 280 607 405 607 526 504
53 75 137 662 497 580 499 14 487 208 392 617 208
53 75 223 401 607 487 239 14 223 14 208 394 330
5 31 22 307 558 394 487 190
53 75 18 263 607 342 663
5 31 22 307 558 394 487 190 75 7
54 140 197 372 305 269 401
54 215 365 352 261 347 607
54 226 311 618 329 629 423 239 231 608
54 0 7
680 124 140 513 597 591 394 7 256 372 593 230 381 487 492
54 673 251 484 0 179 401 394 607 406 540 629 545 615 401 230
54 7
229 620 604 662 408
54 607 600 474 555 609 629
124 140 513 597 591 394 7 256 372 593 230 381 487 192
86 152 206 120
86
86 12
86 18 629 245 610 394 471 245 471 624
86 22 381 394
86 18 629 245 610 394 471 245 471 624
86 617 600 260 355 629
342 607
190 205 663 607 301 245 607 384 512
190 205 663
43 180 452 414
43 150 620 673 458
43 245 213 251 352 342 609
43 216 564 597 610 481 414 313 252 484 452
43 0 319 261 618 564 372
43 512 319 547 617 365 251 618 251 673 251 656 618
245 452 251 619 484 607
43 522 609 627 230
150 319 620 617 487 177 423 656 607
43

43 166 415 611 182 629 553 497 182
43 580 547 621 330 26 641 216 662 313 245 607 299 618 251 484
43
43 481 18 609 343 394 607 487 190 14 353 609 230
7 591 629 313 252 618 597 513 235 448
150 380 618 351 608
43 570 392 255 607 550 618 668 372 268
43 216 265 267 487 608 662 265 267 618 230 468 245 500
43
327 440 324 169 672 292
43 618 668 579 265 467 150 319 620 249 283 621
672 523 551 293 305
425 305
7 591 629 313 252 618 597 513 235 448 18 140 460
76
76
76 618 662 484 313 252 18 618 662 313 252 607 604 618 188 662 611
76 226 251 618
76 313 438 299
76
76 613 415 617 264
7 561 591 597 513 618 629 313 252 188 607 357 313 252
76 0 251 272 601 617 264
7 256 591 597 629 313 252 460
76 245 609 338 570 618 283 265 522 394 629 118 465 272 325 342 611 325 639 252
76 394 0 607 278 487 420 508 401 607 342
76 436 328 436 0
76 660 609 487 177 280 608 342 487
76 613 447 405 570
76 319 415 155 618 351 416 389 553 608 135 649 246 315
76 425
76 7 561 591 597 513 618 629 313 252 18 0
76 359 609 608 245
76 55 481 443 523 481
76 292 672 457
0 305 305 425 305 425
118 150
7 561 591 597 513 618 629 313 252 18 140 460
97 673 406 267 619 0 224 284 231 0
97 604 564 265 481 629 610 279 437 607 384 343 338
205 394 7 256 629 513 280 245 541 618 650 629 313 252 548
97 459 0 653 251 416 629 501 335 484
97 597 609 653 649 629 609 252 465 252
97 397 605 529
97 609 263 245 629 609 607 487 452 0 0 7
97 308 1 14 647 472 1 653 472
97 512 169 1
97 213 513 526 615 634 629 315 230 411 638 644 224 239 386 618 526 245 602 609
97 618 283 476 265
97 211 401 656 618 529 246 652 668 265 230 342 611
97 0 0 484 0 18 573 481 487 647 342 609 414 245
17 147 229 251 394
97
205 394 7 256 629 513 280 245 541 618 650 629 313 252 548 140
43
43 615 394 283 607 394 615 41
43 661 607 607 629 351 351 607
43 486 522 405 494 439
43
43 433 619 244
43 229 457 604 394 230 230 618 265 593
43 280 248 316 604 278 233 607 134 146
43 616 244 349 617
43 41 394 607 478
43 340 627 376
43 673 288 609 150 662 609 394 607 473 487
43 601
43 673 612 629 394 675 478 18 319 609
43 401 244 570 282 369 642 342
43 230 639 608 245 405 394 607 663 230 494 608 629 609
43 135 609 608 414 616 230 624 20
629 313 252 0 230 1 0 216 251 216 372 481 587 1
43
43 654 213 460 283
43 319 649 629 415 611
43 654
41 43 488
41 43 660 251 673 230
565 658 26 7 591 251 379 280 513
72 523 551
72 609 394 608
72 312 607 673 178 629 353 621 421 487 0 656 401 663
72 372 621
72 609 245 608 629 375
72 570 465 342 245 629 230 487 607 252
72 7 163 628 629
72 617 607 542 160 208 673 0 655 306 230
72 94 609 315 484 415 618 649 629 265 416
72 618 649 629 265 416 618 649 629 265 452 604 668 609 245 609 156
89 607 497 530 661 636 319 415 609 255 621 401 392 636 620 618 372 231 599
94 481 618 649 629 265 452 618 649 629 265 416 405 609 629 607 499 600
89 618 251 629 608 481 454 135 353 609 230 652 629 351 502 629
94 150 319 620 618 251 432 0 607 432 319 315 607 528 129 150 351 656 673 251 547
89 618 296 265 216 296 230
94 618 655 566 487 607 306 325 411 570 618 573
72 656 299 19 142 662 242
89 72 605 230 357 356 325 639 394 245 604 459 604 619 356 439 494
72 140 129 607 140 319 252 654 252 653 315
197 372 621 277 658 607 590 7 259 251
82 245 673 655 570 588 615 651 481 481 642 607 478 484 675 252 479
82 487 405 651 355 629 265 572 475 618 592 504 607 666 2
82 648 342 491 601 675 460 479
82 255 433 405 268 616 268 570 481 487 607 604
82 481 9
18 119 244 513 574 548 607 420 487 607 514 394 10 494 401 629 607 7 256
39 166
199 679 170 185 140 598 591 649 629 265 453 251 379 639 663 381 483 487 193
39 605 244 629 359
39 609 252 452 614
39
199 40 140 598 591 649 629 265 453 251 379 639 663 381 483 487 193
245 629
39 353 607 615
679 170 185 140 598 591 649 629 265 453 251 379 639 663 381 483 487 193
679 170 185 140 598 591 649 629 265 453 251 379 639 663 381 483 487 193
39 668 438 457 629 545 653 445 673 14 239 423 621 639 196 265 438 487 14 629
39 629 607 245 653 662 359 673 675
39 484 607 607
39 0 155 673 604 230 621
39 610 610 245 609 627 607 487 190 438 9
609 238 608 140 598 591 649 629 265 453 251 379 639 483 487 193
213 647 629 170 185 140 598 591 649 629 265
39 181 588 386 594 230 381 548 0 607 607 346 662 613 674
39 331 394 137 662 265 279 450 487 609 662 265 245 608
39 662 624 150 315 620 450 394 137 662 609 252 452 657 618 315
170 185 140 598 591 649 629 265 453 251 379 639 663 381 483 487 193
82 373 372 230 629 592 261 464
82 438 373 369 625 621 495 627
548 362 660 369 593 230 381 255 424 586 394 190
82 229 662 372 629 137 152 302
82 438 230 629 607 140 513 244 289
82 618 650 230 204 465 342 226 230 424
82 221 629 137 372 570 406 497 230 454 487 628 502 663 230
381 593 255 424 586
82 226 668 434 608 554 255 230 183 381 200 487
82 230 561 255
82 226 424 248 499 478 545 361 392 405 668 487 268 607
82 513 380 607 499 635 340
82 659 459 607 401 245 662 560 401 271
82 0 529 539 568
18 548 362 660 369 593 230 381 255 424 586 394 190 629 265 589 394 420 487 514 494
36 353 607 574 512
36 29 384 245
199 677 5 144 394 514 420 590 394 477 190 383 575
13 199 677 5 144 394 514 420 590 394 477 190 383 575
677 5 144 394 514 420 590 394 477 190 383 575 574
677 5 144 394 514 420 590 394 477 190 383 575
142 18 621 394 137 401 342 607 385 0 0 0 36
5 144 394 514 420 590 394 477 190 383 574
53
5 18 123 433 339 384 394 190 424 13
199 53 5 18 123 433 339 384 394 190 424 13
53 163 628 28 26 447 487 160 208 279 401 615 297 663 26 315
53 401 621 239 506 487 230 20 230 487 260 280 0 629 289 384 19
5 18 123 433 339 384 394 190 424 13
679 170 138 203 382 255 424 451 394 194 558 535 671 492
679 170 138 203 382 255 424 451 394 194 558 535 671
39 464 510

679 170 138 203 382 255 424 451 394 194 558 535 671
39 529
142 18 679 203 382 255 424 451 394 194 558 535 671
39 351 675 192 225 251 673 365
679 170 203 382 255 424 451 394 194 558 535 671
203 382 255 424 451 394 194 558 535 671 39
199 40 170 138 203 382 255 424 451 394 194 558 535 671
342 384 199 40 203 382 255 424 451 394 194 558 535 671
679 170 138 203 382 255 424 451 394 194 558 535 671
39 475 629 555 245 578 594 607 165 502 487 137
39 472 420 659 394 607 487 213 268 1
342 384 199 40 203 382 255 424 451 394 194 558 535 671
679 170 138 203 382 255 424 451 394 194 558 535 671
165 351 399 621 679 170 138 203 382 255 424 451 394 193
679 170 138 203 382 255 424 451 394 194 558 535 671 621 457 566
170 138 203 382 255 424 451 394 194 558 535 671
46 545 384 251 22 245 28
46 401 484 607 495 564 372 255 621 456 538 406 629 265
46 401 405 414 230 604 424 451 498 230 506 487 607 511 33
199 493 401 607 384 255 607 167 586 394
46 508 283 608 326 629 447 245 620 329 255 438 622
46 392 484 604 251 594 493 384 318 572 265 673 251
173 673 564 627 471
46 529 554 487 33 121 526 389
46 351 538 494 604

46 213 401 245 615 401 481 657 673 620 231 407
46 406 230 403 408 512 319 592 471 252 389 243 484
46 163 604 421 487 213 421 658 673 649 629 354 263 629 663 571 629
189 607 304 673 661 673 312 414 245 571 394 498
46 150 296 230 245 439 394 607 487 481 122
46 618 251 272 508 601 614 0 267 621 401 484 487 405 564 447 673
46 636 526 607 497 413 547 424 451 14 484 405 572 155 406 424 405 651
46 565 444 487 413 251 629 405 252 230 424
46 283 389 675
46 601 269 230 607 607 401 570 629 230 336 464
46 605 471
46 180 405 585 230
493 401 607 384 255 607 167 586 394 192
54 36
124 123 433 26 416 394 10 381 568 645 36
54 36 186 471 600 251
199 124 123 433 26 416 394 10 381 568 645 36
54 36 401 494 607 401 230 186
680 124 123 433 26 416 394 10 381 568 645 36
680 124 123 433 26 416 394 10 381 568 645 36
54 36
54
54 36 183 392 497 607 366 230 652 629 521 150 319 498
54 36 0 470 178 265 498 618 560 674 189 0 342 618 315 178 423 407
680 124 123 433 26 416 394 10 381 568 645 36 657 662 607
628 342 457 629 434 505 486 199 124 123 433 26 416 394 10 381 568 645 36
54 36 639 236 609 687
124 123 433 26 416 394 10 381 568 645 36
199 61 0
171 61 140 513 487 589 394 174 562 173 607 542 508 394 167 451
61 53 169 525 230 328 637 305 513 305 324 137
61 53 290 281 425 328 551
61 53 174 305 310 324 305 324
61 53 190 199
61 53 0 410 305 431 425 410 410 523 425
61 53 230 310 281 482 431 328 230 328 425 289 523 305
61 53 637 293 525 551 431 523 431 281 305 425 494 230 523 281
61 53 305 425
61 53 0 281 525 305 596
61 53 487
205 174
61 53 305 425 305 324 150
140 513 487 589 394 174 562 173 607 542 394 167 451
80 107 181 570 465 273 611
60 107 405 394 607 556 604 406 273 609 255 607 444 487
80 73 481 306 1
80 60 118 487 394 607 298 538 423
80 60 487
107 80
80 73 197 372 414 295 607 494
80 73 656 230
80 615 401 230 162 651 295
107 80 60 444 487 503 376 231
80 570 656 367 629 607 134 591 449 478 298 401 570 394 621 583
107 80 231 629 344 230 599 394 190 257 484
80 372 295 604 607 401 629 7 14 420 487
60 210 28 607 390 269 280 607 460 538 618 315 622 107 80
107 80 653 474 629 648 491 245 653 239 231
60 653 545 376 394 607 675 107 80
80 73 162 401 230 395 279 607 542
80 73 617 487 466 245
73 212 656 607 513 251 150 252 394 365 629 607 496 604 311 134 146 257
80 209 150 225 315 673 620 231 239 225 401 675 73
150 620 653 319 372 326 231 607 274 511 538 486 474 629 648 245 553 0 73
80 73 150 668 438 629 675 675 673 372 366 628 629 617
537 615 251 26 307 245 29 384 269 394 607 167 581 394 194 395 629
76 217 421 487 401 629 342 607 487 607 487 607
76 12
76 225 230 349
103 76 230 394 137 245 673 622 217 401 607 530 607 666 159
76 424 459
103 76 348 673 245 580
76 392 636 283 553 654 607 338 511 401 231 190 256 245 406 401 607 495 580 420 397
103 76 220 664 538 245 635 283 476 265 18 280 280
222 144 394 424 361 581 401 607 532 487 607 591 394 7 32
76 607 334 487 405 605 267 160 600 251 204 150 589 406 230
76 629 230 657 406
76 406 244 487 386 604 496 355 629 503
605 355 629 171 144 394 424 361 581 401 607 532 487 607 591 394 7 561
76 662 14 607 239 340 459 501 607 264
103 76 320 628 663 118 245 487 245 394 666
124 144 255 424 361 581 626 629 415 384 392 513 582 599 276
76 224 239 487 217 401 140 487 405
76 373 317 329 423 660 416 607 413 634 629 351 460 298 414 415 377
171 124 144 255 424 361 581 626 629 415 384 392 513 582 599
76 401 604 660 394 607 473 487
76 20 313
76 182 333 607 466 487 397 405 401 617 516 384 394 137 498 394
76 657 673 474 377
222 144 394 424 361 581 401 607 532 487 607 591 394 7 561 18 200
79 0 0
199 681 124 187 509 557 670 569 593 381 394 395 255 424 586 394 193 513 575
79 12
79 213
681 124 187 509 557 670 569 593 381 394 395 255 424 586 394 193 513 575
681 124 187 509 557 670 569 593 381 394 395 255 424 586 394 193 513 575
79 124 187 509 557 670 569 593 381 394 395 255 424 586 394 193 513 574
79 122 26 498 27 508
79 30
681 124 187 509 557 670 569 593 381 394 395 255 424 586 394 193 513 575
79 26 295 306 394 561 373
79
681 124 187 509 557 670 569 593 381 394 395 255 424 586 394 193 513 575
79 252
124 187 509 557 670 569 593 381 394 395 255 424 586 394 193 513 575
79
79 131 673 18 251 607 569 384 245 495 557 669 394 629 607 537 487 635
79 484 394 250 607 646 279 661 607 487 500 162 317 447
79 547 635 306 394 190 279 255 433 339 384 579 394
124 187 509 557 670 569 593 381 394 395 255 424 586 394 193 513 574

42 315 673 372 230

42
18 405 651 414 439
42
42
42 492 518 342 611

42
42 150 673 458

155 150 655 150 664 354 629 607
244 487 663 30 493 381 394 607 586 394 192

128 220 381 394 137 251 190
35 131 673 512 386 617 372 268 405 401 231 394 604
35 629 239 607 381 1
35 422 604 244 280 607 0 478
629 534
35 607 369 268 494 342 245 607 342
35 618 401 271 394
35 150 620 617 394 642 272 224 251 336 262
35 606 357 26 423
35 492 529 456 267 406 0
128 220 381 394 137 251 190 548
39 464
39 220
39 292 531 230 324 637 305 293
39 305 436
199 39 292 531 230 324 637 305 293
39 279 316 508 519 662 265 306 280 607 325 487 607 304 252 654 252 607
39 630 621 394
39 401 598 394 230 487 608
679 185 362 255 433 29 384 394 190 451 369 629 415 609 392 513
401 487 245 552 137 630 663 607
40
39 231 607 245 21 245 189 401 604 449 564 629 675
170 185 362 255 433 339 384 394 190 451 369 629 415 609 392 513
91 169 305 551 425
91 604 365 230
91 12
684 128 144 255 190 581 626 629 415 384 392 7 591 251 368
91 140 487 629
91 405 668 513 629 415 604 362 338 614
91 386 668 618 423 392 618 251 498 157 615 571 421 487 273 607
91 366 663 394
684 128 144 255 190 581 626 629 415 384 392 7 591 251 368
684 128 144 255 190 581 626 629 415 384 392 7 591 251 368 225 230
607 599 366 663 394 91
684 128 144 255 190 581 626 629 415 384 392 7 591 251 368
92 91 636 161 599
684 128 144 255 190 581 626 629 415 384 392 7 591 251 368
92 161 629 439 394
92 373 541 373 601 507 423 386 636 664 545 622
92 675 329 230 388 438 675
103 92 352 673 673 372 499 673 283
92 675 161 629 423 386 629 416 245 613 541 573
128 144 255 190 581 626 629 415 384 392 7 591 251 368
97 617 315 484 177
97 135 618 372 623 604 560 255 508 629 351 609 629
97 27 1 27 394
97 229 230 652 629 325 621
97 150 319 620 373 498 351 467 498 351 0 163 1 9
97 380 137 369
97 251 508 240 606 506 487 615 464 460 629 607 629
97 621 298 457 487 607 280 607
118 154 118
51 97 618 409 424
97 545
97 414 607 629 261
97 244 494 607 381 14 392 607 384 337 607 618 664 313 438 607 377 394
51 97
51 499 665 502 487 245 651
148 255 190 581 532 487 513 549 645 97
120 178 206 14 207 206
26 152 118 14 154
51 409 618 629 604
206 120 207
51 213 134 146 600 251
51 122 607 384 255 607 424 451 372 268 342 673
118 154 118
51 97 179
51 97
148 255 190 581 532 487 513 549
62 143
62 271 478 342
62 618 358 656 618 650 32 279 342 607 271
62 394
62 375
62 271 478 150 372 673 251 318 244 411 602 673
62 180 279 357 478
62 271 179 239
62 142 18 26 629 607 251 239
62 180 131 673 512 607 604 617 508 655 394 7
62 360 665 245
62 673 607 342
62 656 231 607 381 579
62 487 607 385 375 663 607 618 564 494 607
62 142 179 255 427
62 166 342 656 234 401 342 230
62 360 478
62 360 478 360 495 487 607 271 394 607 278
62
7 563 306 280 513
55 357
55 143
5 31 127 134 146 591 416 252 513 582 277 15
55 607 621 401 607 499 381 607 467 655 593 193
127 134 146 591 416 252 513 582 277 15
55 143 481 215 264 474 629 265 494
55 618 251 663
55 216 564 372 268 238 342 230
55 279 620 405 651 630
55
55 26
618 351 236 0 607
5 31 127 134 146 591 416 252 513 582 277 15
677 5 134 146 364 381 344 245 540 235 513 254
199 36 5 134 146 364 381 344 245 540 235 513 253
199 37 5 134 146 364 381 344 245 540 235 513 253
677 5 134 146 364 381 344 245 540 235 513 254 209
199 37 5 134 146 364 381 344 245 540 235 513 253
5 134 146 364 381 344 245 540 235 513 253
677 5 134 146 364 381 344 245 540 235 513 254
677 5 7 364 381 344 245 540 235 513 254 621 401
531 309 672 230 309 137 36
677 5 134 146 364 381 344 245 540 235 513 140
199 37 5 134 146 364 381 344 245 540 235 513 253
5 134 146 364 381 344 245 540 235 513 253 36 7 11
305 677 5 134 146 364 381 344 245 540 235 513 254
677 5 134 146 364 381 344 245 540 235 513 254
677 5 134 146 364 381 344 245 540 235 513 254
124 134 146 364 381 344 245 540 235 513 253 645 36
36
37 531 309 672 309 324 305
209 342 0 5 134 146 364 381 344 245 540 235 513 253 7
36 155 570 604 381 662 265 607 509 271 629 353 244 399 607 392 607 591 655
48 36 603 1
36 324 481 327 637
48 36 151 570 150 651 570 210 342 607 587
551 230 443 168 672 523 672
672 443 425 36
36
180 440 637 481 425
425 36 425 309 305 443
48 389 243 570 349 486
48 36 245 134 363 251
48 36 204 342

551 523 481 327 551 305
48
5 134 146 364 381 344 245 540 235 513 253
685 197 594 508 502 487 10 361 658 384 655 269 374
96 209 157 405 342 621 629 325 663 481 464 397
685 197 594 508 502 487 10 361 658 384 655 269 374
96 213 30 251 535
685 197 594 508 502 487 10 361 658 384 655 269 374
96 607 599 314 230 214 401 481 498 342
96
96 607 168 251 306
685 197 594 508 502 487 10 361 658 384 655 269 374
685 197 594 508 502 487 10 361 658 384 655 269 374 607 479
96 226 315 607 442
209 199 197 594 508 502 487 10 361 658 384 655 269 374
685 197 594 508 502 487 10 361 658 384 655 269 374
96 127 280 140 658 230 321 384
96
96 169 305 551 425
96
96 97 175 646
685 197 594 508 502 487 10 361 658 384 655 269 374 687
96
28 508 535 306 487 569 385 19 342 640 14
197 594 508 502 487 10 361 658 384 655 269 374
683 119 590 7 363 372 268 419
683 119 590 7 363 372 268 419
683 119 590 7 363 372 268
82 607 647
82 357 0 606 230 578
683 119 590 7 363 372 268 419
607 119 590 7 363 372 268 419
683 119 590 7 363 372 268 419 604 621 401 486 607 325
683 119 590 7 363 372 268 419
683 119 590 7 363 372 268 419 425 137
683 119 590 7 363 372 268 419
82 438 230 245
199 119 590 7 363 372 268 416
82 143 121 467 121 384 143 411 280 140 513
683 119 590 7 363 372 268
82 357
683 119 590 7 363 372 268 419
82 102 354 494 560 414 629 447 588
108 82 487
102 82 245 230 487 7 639 608
108 82 613 555 609 629 607 607 252 230 224 251 484 321
102 82 605 230 357 414 230 547 3 150 620 621 401 675 372 405
108 392 82 351 607 653 251 566 487 617 245 386 607 414 437 609 394
108 82 609 245 613 609 269 155 618 587 609 502 487 501 297
102 82 405 296 476 367 653 319 372 230 663 326 629 604 177
405 662 476 265 607 325
108 82 618 564 239 571
119 590 7 363 372 268 416
621 401 438 230 199 57 7 591 416
7 591 416 280 607 140
57 360 180 481 629 587 611
57 142 478 2
57 212 656 623 183 618 662 265 252
57 131 673 607 537 604 623 591 655 416 280 140
57
57 212 230 357 578
57 216 358 135 348 663 607 140 618 607
57 629 609 629 274 245 629 607 667 118 618 655 484 183 618 251
57 357
57 0 637 523 672 672 309 324
7 591 416
678 202 384 344 255 164 586 394 192 195 218 201 4
678 202 384 344 255 164 586 394 192 195 218 201 4
678 202 384 344 255 164 586 394 192 195 218 201 4
678 202 384 344 255 164 586 394 192 195 218 201 4
336 202 384 344 255 164 586 394 192 195 218 201 4
389 190 199 202 384 344 255 164 586 394 192
678 202 384 344 255 164 586 394 192 195 218 201 4
38
202 384 344 255 164 586 394 192 195 218 201 4
678 202 384 344 255 164 586 394 192 195 218 201 4
199 202 384 344 255 164 586 394 192 195 218 201 4
305 305 531 324 167 324
678 202 384 344 255 164 586 394 192 195 218 201 4
202 384 344 255 164 586 394 192 195 218 201 4
678 202 384 344 255 164 586 394 192 195 218 201 4
678 202 384 344 255 164 586 394 192 195 218 201 4
678 202 384 344 255 164 586 394 192 195 218 201 4 13
687 199 202 384 344 255 164 586 394 192 195 218 201 4
199 38 202 384 344 255 164 586 394 192 195 218 201 4
678 202 384 344 255 164 586 394 192 195 218 201 4 599 306
678 202 384 344 255 164 586 394 192 195 218 201 4
678 202 384 344 255 164 586 394 192 195 218 201 4
678 202 384 344 255 164 586 394 192 195 218 201 4
678 202 384 344 255 164 586 394 192 195 218 201 4
678 202 384 344 255 164 586 394 192 195 218 201 4
678 202 384 344 255 164 586 394 192 195 218 201 4
186 623 516 570 618 655
199 202 384 344 255 164 586 394 192 195 218 201 4
202 384 344 255 164 586 394 192 195 218 201 4
81 142
682 148 394 586 567 417 537 546 11
81
81 380 373 314 394
682 148 394 586 567 417 537 546 11
81 438 30 394 607 428 510
81 687
639 666 629 660 600 251 148 394 586 567 417
81 357 665
81 225 231 378 650 280 513 33
81 150 625 615 651 635 381
11 18 148 394 586 567 417 537 546
81
682 148 394 586 567 417 537 546 11
199 682 148 394 586 567 417 537 546 11
81
81 414
81 406 438 28 384 314 394 607
81 349 605
81 121 394 607 473 487 533 204 349
148 394 586 567 417 537 546 11
